1024 0.001563
1124 0.001423
1236 0.001294
1356 0.001180
1488 0.001613
1636 0.001467
1796 0.001336
1972 0.001623
2168 0.001476
2384 0.001342
2620 0.001527
2880 0.001389
3168 0.001515
3484 0.001607
3832 0.001670
4212 0.001709
4632 0.001727
5092 0.001728
5600 0.001714
6160 0.001688
6776 0.001653
7452 0.001718
8196 0.002147
9012 0.002219
9912 0.002179
10900 0.002202
11988 0.002269
13184 0.002184
14500 0.002152
15948 0.001756
17540 0.001916
19292 0.002032
21220 0.002187
23340 0.001748
25672 0.001776
28236 0.003003
31056 0.002988
34160 0.002319
37576 0.003172
41332 0.003174
45464 0.003150
50008 0.003040
55008 0.002647
60508 0.002763
66556 0.002897
73208 0.002994
80528 0.003100
88580 0.003098
97436 0.003243
107176 0.003322
117892 0.003359
129680 0.003411
142648 0.003455
156912 0.003431
172600 0.003499
189860 0.003497
208844 0.003597
229728 0.003744
252700 0.003846
277968 0.003828
305764 0.004129
336340 0.004374
369972 0.004815
406968 0.004757
447664 0.005356
492428 0.005618
541668 0.005847
595832 0.007532
655412 0.007415
720952 0.007591
793044 0.007983
872348 0.008111
959580 0.009010
1055536 0.009563
1161088 0.009578
1277196 0.009714
1404912 0.010099
1545400 0.010177
1699940 0.010442
1869932 0.010758
2056924 0.014956
2262616 0.011709
2488876 0.017730
2737760 0.013588
3011536 0.016619
3312688 0.017961
3643956 0.025131
4008348 0.029852
4409180 0.037646
4850096 0.052179
5335104 0.057730
5868612 0.064894
