1024 0.001563
1124 0.001423
1236 0.001294
1356 0.001180
1488 0.001613
1636 0.001467
1796 0.001336
1972 0.001623
2168 0.001476
2384 0.001342
2620 0.001527
2880 0.001389
3168 0.001515
3484 0.001607
3832 0.001670
4212 0.001709
4632 0.001727
5092 0.001728
5600 0.001714
6160 0.001688
6776 0.001653
7452 0.001718
8196 0.001659
9012 0.002130
9912 0.002260
10900 0.002202
11988 0.002269
13184 0.002184
14500 0.002152
15948 0.001756
17540 0.001733
19292 0.001742
21220 0.002187
23340 0.001748
25672 0.001745
28236 0.001813
31056 0.001752
34160 0.002178
37576 0.002385
41332 0.001781
45464 0.002604
50008 0.001680
55008 0.002182
60508 0.001692
66556 0.001683
73208 0.001705
80528 0.001689
88580 0.001725
97436 0.001700
107176 0.001702
117892 0.001656
129680 0.001690
142648 0.001677
156912 0.001667
172600 0.001678
189860 0.001690
208844 0.001647
229728 0.001692
252700 0.001700
277968 0.001692
305764 0.001625
336340 0.001625
369972 0.001624
406968 0.001624
447664 0.001644
492428 0.001644
541668 0.001647
595832 0.001654
655412 0.001824
720952 0.001706
793044 0.001674
872348 0.001636
959580 0.001647
1055536 0.001714
1161088 0.001738
1277196 0.001654
1404912 0.001828
1545400 0.001905
1699940 0.001655
1869932 0.001655
2056924 0.001842
2262616 0.001940
2488876 0.002005
2737760 0.001834
3011536 0.001671
3312688 0.001654
3643956 0.001661
4008348 0.001673
4409180 0.001696
4850096 0.002358
5335104 0.001688
5868612 0.001678
